New data 120 1 6.7177e-05
6.7177e-05 6.7177e-05
0.00013323 0.00013323
0.00019817 0.00019817
0.00026199 0.00026199
0.00032469 0.00032469
0.00038627 0.00038627
0.00044673 0.00044673
0.00050607 0.00050607
0.00056429 0.00056429
0.00062139 0.00062139
0.00067737 0.00067737
0.00073223 0.00073223
0.00078597 0.00078597
0.00083859 0.00083859
0.0008901 0.0008901
0.00094048 0.00094048
0.00098974 0.00098974
0.0010379 0.0010379
0.0010849 0.0010849
0.0011308 0.0011308
0.0011756 0.0011756
0.0012193 0.0012193
0.0012618 0.0012618
0.0013032 0.0013032
0.0013435 0.0013435
0.0013827 0.0013827
0.0014208 0.0014208
0.0014577 0.0014577
0.0014936 0.0014936
0.0015283 0.0015283
0.0015619 0.0015619
0.0015943 0.0015943
0.0016257 0.0016257
0.0016559 0.0016559
0.001685 0.001685
0.001713 0.001713
0.0017399 0.0017399
0.0017656 0.0017656
0.0017903 0.0017903
0.0018138 0.0018138
0.0018362 0.0018362
0.0018574 0.0018574
0.0018776 0.0018776
0.0018966 0.0018966
0.0019145 0.0019145
0.0019313 0.0019313
0.001947 0.001947
0.0019616 0.0019616
0.001975 0.001975
0.0019873 0.0019873
0.0019985 0.0019985
0.0020086 0.0020086
0.0020176 0.0020176
0.0020254 0.0020254
0.0020321 0.0020321
0.0020377 0.0020377
0.0020422 0.0020422
0.0020455 0.0020455
0.0020478 0.0020478
0.0020489 0.0020489
0.0020489 0.0020489
0.0020478 0.0020478
0.0020455 0.0020455
0.0020422 0.0020422
0.0020377 0.0020377
0.0020321 0.0020321
0.0020254 0.0020254
0.0020176 0.0020176
0.0020086 0.0020086
0.0019985 0.0019985
0.0019873 0.0019873
0.001975 0.001975
0.0019616 0.0019616
0.001947 0.001947
0.0019313 0.0019313
0.0019145 0.0019145
0.0018966 0.0018966
0.0018776 0.0018776
0.0018574 0.0018574
0.0018362 0.0018362
0.0018138 0.0018138
0.0017903 0.0017903
0.0017656 0.0017656
0.0017399 0.0017399
0.001713 0.001713
0.001685 0.001685
0.0016559 0.0016559
0.0016257 0.0016257
0.0015943 0.0015943
0.0015619 0.0015619
0.0015283 0.0015283
0.0014936 0.0014936
0.0014577 0.0014577
0.0014208 0.0014208
0.0013827 0.0013827
0.0013435 0.0013435
0.0013032 0.0013032
0.0012618 0.0012618
0.0012193 0.0012193
0.0011756 0.0011756
0.0011308 0.0011308
0.0010849 0.0010849
0.0010379 0.0010379
0.00098974 0.00098974
0.00094048 0.00094048
0.0008901 0.0008901
0.00083859 0.00083859
0.00078597 0.00078597
0.00073223 0.00073223
0.00067737 0.00067737
0.00062139 0.00062139
0.00056429 0.00056429
0.00050607 0.00050607
0.00044673 0.00044673
0.00038627 0.00038627
0.00032469 0.00032469
0.00026199 0.00026199
0.00019817 0.00019817
0.00013323 0.00013323
6.7177e-05 6.7177e-05
